Colin
7
0
216
33 0 38 100
121 0 28 100
194 0 30 100
280 0 28 100
358 0 34 100
444 0 27 100
524 0 28 100
606 0 35 100
706 0 10 100
37 101 17 100
121 101 24 100
212 101 10 100
272 101 44 100
354 101 30 100
443 101 31 100
528 101 29 100
609 101 42 100
697 101 24 100
43 202 23 100
114 202 29 100
198 202 26 100
277 202 25 100
352 202 37 100
438 202 33 100
525 202 35 100
608 202 29 100
685 202 45 100
35 303 38 100
112 303 34 100
201 303 37 100
278 303 34 100
364 303 25 100
440 303 42 100
527 303 26 100
620 303 10 100
689 303 35 100
37 404 28 100
120 404 28 100
192 404 39 100
278 404 32 100
354 404 47 100
444 404 34 100
520 404 45 100
606 404 31 100
694 404 29 100
35 505 34 100
113 505 31 100
193 505 39 100
271 505 48 100
358 505 36 100
448 505 32 100
526 505 35 100
613 505 26 100
699 505 10 100

31 0 40 100
122 0 26 100
195 0 29 100
279 0 31 100
360 0 36 100
449 0 31 100
527 0 31 100
618 0 30 100
709 0 10 100
38 101 18 100
121 101 25 100
211 101 10 100
278 101 40 100
361 101 28 100
449 101 27 100
537 101 25 100
606 101 35 100
699 101 23 100
36 202 24 100
115 202 35 100
198 202 27 100
284 202 28 100
358 202 39 100
445 202 45 100
525 202 33 100
609 202 32 100
690 202 40 100
32 303 30 100
113 303 31 100
198 303 43 100
277 303 41 100
362 303 24 100
438 303 40 100
524 303 28 100
618 303 10 100
685 303 36 100
36 404 29 100
121 404 23 100
198 404 30 100
276 404 30 100
362 404 35 100
448 404 29 100
521 404 40 100
607 404 31 100
692 404 29 100
28 505 37 100
118 505 29 100
190 505 36 100
269 505 44 100
361 505 33 100
450 505 28 100
523 505 41 100
611 505 26 100
703 505 10 100

34 0 38 100
118 0 28 100
194 0 31 100
277 0 31 100
360 0 36 100
444 0 28 100
527 0 32 100
613 0 27 100
704 0 10 100
39 101 19 100
118 101 27 100
211 101 10 100
273 101 51 100
363 101 27 100
438 101 30 100
527 101 25 100
602 101 51 100
689 101 34 100
40 202 21 100
120 202 32 100
193 202 24 100
277 202 24 100
352 202 41 100
445 202 37 100
529 202 31 100
603 202 39 100
688 202 44 100
32 303 37 100
108 303 33 100
190 303 35 100
274 303 40 100
365 303 31 100
438 303 43 100
525 303 31 100
625 303 10 100
692 303 33 100
39 404 31 100
117 404 27 100
195 404 32 100
272 404 30 100
356 404 47 100
438 404 27 100
521 404 43 100
608 404 35 100
695 404 26 100
31 505 33 100
116 505 33 100
199 505 35 100
269 505 46 100
360 505 38 100
440 505 31 100
524 505 50 100
611 505 28 100
702 505 10 100

33 0 37 100
118 0 24 100
191 0 33 100
281 0 29 100
361 0 33 100
441 0 29 100
530 0 24 100
606 0 29 100
692 0 10 100
39 101 16 100
119 101 30 100
213 101 10 100
274 101 42 100
366 101 28 100
443 101 28 100
531 101 23 100
604 101 49 100
694 101 17 100
40 202 19 100
110 202 36 100
198 202 32 100
274 202 31 100
352 202 42 100
437 202 40 100
526 202 25 100
597 202 40 100
685 202 48 100
31 303 32 100
114 303 36 100
191 303 38 100
278 303 33 100
359 303 37 100
441 303 38 100
529 303 31 100
624 303 10 100
692 303 34 100
31 404 37 100
121 404 36 100
191 404 36 100
279 404 32 100
354 404 37 100
446 404 32 100
518 404 43 100
609 404 37 100
686 404 32 100
28 505 40 100
116 505 29 100
199 505 32 100
271 505 41 100
361 505 26 100
446 505 28 100
529 505 36 100
608 505 37 100
700 505 10 100
