David
10
5
216
39 0 26 100
128 0 19 100
201 0 20 100
281 0 25 100
355 0 34 100
441 0 35 100
520 0 26 100
621 0 24 100
702 0 11 100
30 101 23 100
123 101 35 100
209 101 10 100
279 101 37 100
363 101 28 100
435 101 30 100
528 101 10 100
607 101 32 100
699 101 41 100
29 202 26 100
119 202 33 100
201 202 21 100
276 202 38 100
357 202 32 100
430 202 35 100
513 202 31 100
601 202 30 100
688 202 36 100
39 303 39 100
108 303 40 100
192 303 37 100
272 303 37 100
356 303 36 100
425 303 55 100
525 303 33 100
601 303 42 100
680 303 51 100
44 404 38 100
115 404 33 100
195 404 49 100
275 404 42 100
349 404 45 100
444 404 24 100
521 404 37 100
611 404 32 100
684 404 36 100
31 505 52 100
109 505 29 100
198 505 49 100
274 505 32 100
355 505 42 100
437 505 31 100
516 505 47 100
604 505 23 100
699 505 10 100

40 0 25 100
118 0 23 100
194 0 22 100
279 0 24 100
357 0 31 100
436 0 36 100
530 0 22 100
615 0 34 100
707 0 10 100
24 101 28 100
119 101 19 100
201 101 8 100
280 101 42 100
369 101 17 100
436 101 13 100
518 101 21 100
607 101 47 100
700 101 30 100
39 202 25 100
120 202 29 100
196 202 13 100
278 202 26 100
353 202 31 100
444 202 24 100
523 202 27 100
599 202 31 100
683 202 44 100
38 303 39 100
105 303 38 100
195 303 31 100
273 303 31 100
360 303 37 100
430 303 37 100
524 303 35 100
589 303 58 100
680 303 56 100
45 404 31 100
112 404 26 100
186 404 48 100
275 404 40 100
360 404 35 100
450 404 21 100
521 404 44 100
608 404 25 100
686 404 40 100
34 505 36 100
116 505 28 100
193 505 44 100
271 505 39 100
360 505 36 100
436 505 32 100
518 505 39 100
606 505 23 100
703 505 10 100

40 0 23 100
125 0 22 100
197 0 21 100
279 0 37 100
366 0 21 100
440 0 41 100
519 0 34 100
615 0 23 100
700 0 10 100
41 101 22 100
114 101 42 100
205 101 10 100
276 101 47 100
368 101 27 100
436 101 23 100
530 101 22 100
606 101 32 100
697 101 32 100
11 202 66 100
105 202 49 100
197 202 34 100
283 202 38 100
343 202 47 100
422 202 36 100
515 202 31 100
600 202 28 100
698 202 31 100
23 303 34 100
100 303 40 100
181 303 32 100
264 303 42 100
350 303 44 100
428 303 42 100
517 303 20 100
599 303 28 100
671 303 53 100
37 404 36 100
115 404 32 100
193 404 43 100
272 404 41 100
349 404 45 100
444 404 21 100
506 404 55 100
601 404 45 100
677 404 41 100
18 505 51 100
109 505 31 100
196 505 45 100
268 505 40 100
352 505 46 100
434 505 40 100
524 505 43 100
602 505 28 100
697 505 11 100

42 0 29 100
125 0 21 100
202 0 20 100
286 0 17 100
361 0 24 100
448 0 24 100
529 0 21 100
617 0 22 100
696 0 10 100
36 101 24 100
116 101 30 100
209 101 10 100
284 101 32 100
363 101 18 100
443 101 23 100
526 101 32 100
602 101 35 100
700 101 30 100
34 202 27 100
116 202 32 100
201 202 16 100
275 202 28 100
364 202 25 100
452 202 21 100
521 202 31 100
602 202 28 100
686 202 44 100
29 303 40 100
102 303 44 100
192 303 37 100
272 303 37 100
359 303 34 100
437 303 36 100
526 303 28 100
616 303 36 100
688 303 39 100
41 404 32 100
118 404 31 100
192 404 36 100
277 404 30 100
352 404 40 100
439 404 32 100
519 404 38 100
613 404 37 100
681 404 37 100
32 505 40 100
113 505 24 100
194 505 42 100
279 505 32 100
360 505 32 100
439 505 26 100
523 505 32 100
615 505 20 100
704 505 12 100