Fabby
10
5
216
38 0 23 100
117 0 25 100
201 0 24 100
286 0 21 100
366 0 22 100
449 0 27 100
529 0 24 100
611 0 25 100
702 0 10 100
36 101 16 100
122 101 24 100
211 101 10 100
279 101 31 100
368 101 20 100
446 101 28 100
527 101 30 100
608 101 32 100
697 101 21 100
40 202 20 100
116 202 32 100
205 202 22 100
284 202 21 100
358 202 26 100
452 202 25 100
529 202 28 100
610 202 35 100
683 202 39 100
36 303 27 100
117 303 29 100
198 303 32 100
281 303 31 100
362 303 30 100
439 303 39 100
525 303 26 100
606 303 32 100
686 303 40 100
38 404 27 100
119 404 24 100
191 404 43 100
277 404 32 100
362 404 35 100
446 404 26 100
522 404 40 100
611 404 28 100
692 404 29 100
29 505 34 100
118 505 24 100
199 505 29 100
272 505 38 100
356 505 41 100
443 505 31 100
523 505 38 100
613 505 28 100
703 505 10 100

39 0 23 100
121 0 24 100
203 0 22 100
282 0 24 100
367 0 22 100
453 0 26 100
523 0 29 100
614 0 27 100
702 0 10 100
43 101 12 100
121 101 20 100
208 101 10 100
278 101 37 100
365 101 27 100
445 101 24 100
527 101 27 100
605 101 33 100
694 101 22 100
43 202 17 100
115 202 29 100
200 202 22 100
283 202 22 100
362 202 26 100
448 202 26 100
530 202 28 100
613 202 31 100
691 202 34 100
39 303 33 100
114 303 39 100
191 303 41 100
282 303 32 100
356 303 40 100
439 303 38 100
523 303 33 100
609 303 39 100
691 303 39 100
40 404 31 100
118 404 27 100
194 404 35 100
275 404 37 100
357 404 45 100
447 404 27 100
524 404 46 100
616 404 29 100
687 404 33 100
28 505 44 100
114 505 32 100
198 505 32 100
270 505 45 100
360 505 43 100
447 505 35 100
521 505 47 100
614 505 33 100
703 505 10 100

44 0 21 100
119 0 27 100
199 0 24 100
283 0 30 100
371 0 22 100
448 0 26 100
533 0 20 100
613 0 22 100
705 0 10 100
39 101 14 100
123 101 23 100
206 101 10 100
274 101 39 100
368 101 27 100
444 101 24 100
527 101 28 100
616 101 33 100
698 101 22 100
46 202 15 100
121 202 25 100
204 202 27 100
283 202 23 100
359 202 32 100
443 202 30 100
532 202 24 100
608 202 30 100
691 202 32 100
39 303 26 100
117 303 26 100
196 303 35 100
283 303 28 100
361 303 34 100
444 303 39 100
529 303 31 100
605 303 38 100
684 303 42 100
35 404 30 100
118 404 26 100
193 404 36 100
277 404 34 100
363 404 41 100
449 404 37 100
522 404 43 100
613 404 30 100
690 404 33 100
29 505 44 100
116 505 33 100
197 505 33 100
269 505 48 100
366 505 40 100
442 505 37 100
524 505 40 100
611 505 29 100
705 505 12 100

41 0 25 100
117 0 27 100
200 0 27 100
284 0 27 100
370 0 25 100
450 0 23 100
527 0 27 100
613 0 24 100
706 0 10 100
42 101 14 100
123 101 23 100
206 101 10 100
280 101 40 100
369 101 25 100
442 101 31 100
527 101 28 100
613 101 31 100
694 101 26 100
49 202 21 100
115 202 29 100
202 202 24 100
287 202 24 100
363 202 30 100
444 202 29 100
531 202 25 100
608 202 35 100
694 202 36 100
42 303 31 100
112 303 34 100
192 303 44 100
282 303 38 100
367 303 30 100
437 303 47 100
525 303 33 100
609 303 37 100
688 303 42 100
45 404 28 100
119 404 21 100
195 404 36 100
281 404 28 100
362 404 39 100
443 404 39 100
517 404 54 100
608 404 35 100
689 404 40 100
27 505 51 100
115 505 28 100
202 505 25 100
277 505 38 100
361 505 42 100
444 505 33 100
524 505 36 100
617 505 29 100
706 505 10 100

