Tyler
0
0
162
31 0 46 100
117 0 38 100
195 0 32 100
271 0 43 100
361 0 32 100
427 0 44 100
522 0 38 100
606 0 42 100
699 0 12 100
23 101 26 100
108 101 59 100
189 101 38 100
277 101 44 100
361 101 38 100
443 101 29 100
530 101 24 100
606 101 39 100
689 101 29 100
26 202 34 100
99 202 54 100
188 202 40 100
274 202 31 100
354 202 48 100
431 202 43 100
523 202 30 100
597 202 53 100
685 202 33 100
17 303 50 100
110 303 42 100
176 303 47 100
274 303 54 100
361 303 38 100
442 303 31 100
514 303 31 100
613 303 10 100
678 303 42 100
22 404 47 100
113 404 48 100
187 404 49 100
271 404 44 100
366 404 21 100
433 404 50 100
530 404 29 100
596 404 43 100
693 404 26 100
15 505 74 100
118 505 30 100
202 505 27 100
273 505 44 100
354 505 35 100
438 505 45 100
520 505 41 100
592 505 47 100
708 505 10 100

37 0 34 100
117 0 30 100
191 0 39 100
273 0 38 100
368 0 35 100
437 0 43 100
522 0 32 100
612 0 28 100
692 0 22 100
15 101 33 100
116 101 40 100
203 101 31 100
271 101 44 100
361 101 25 100
443 101 33 100
528 101 26 100
609 101 36 100
693 101 48 100
19 202 44 100
107 202 53 100
193 202 53 100
281 202 28 100
351 202 43 100
434 202 40 100
524 202 36 100
603 202 34 100
682 202 40 100
11 303 50 100
110 303 42 100
183 303 51 100
276 303 56 100
359 303 39 100
434 303 44 100
523 303 37 100
623 303 10 100
678 303 60 100
32 404 41 100
119 404 27 100
188 404 47 100
273 404 35 100
360 404 28 100
431 404 41 100
525 404 33 100
601 404 53 100
668 404 58 100
15 505 59 100
118 505 44 100
198 505 36 100
262 505 52 100
345 505 47 100
429 505 51 100
525 505 44 100
606 505 35 100
701 505 10 100

23 0 60 100
118 0 42 100
195 0 45 100
267 0 48 100
362 0 48 100
435 0 46 100
517 0 47 100
607 0 34 100
695 0 14 100
20 101 31 100
119 101 49 100
201 101 36 100
273 101 55 100
361 101 37 100
445 101 36 100
525 101 23 100
604 101 33 100
690 101 39 100
38 202 32 100
106 202 47 100
187 202 35 100
273 202 28 100
353 202 47 100
435 202 49 100
521 202 38 100
600 202 47 100
684 202 35 100
17 303 46 100
107 303 40 100
183 303 48 100
279 303 51 100
368 303 44 100
439 303 37 100
523 303 38 100
627 303 10 100
685 303 29 100
26 404 39 100
111 404 36 100
190 404 52 100
274 404 39 100
361 404 33 100
438 404 45 100
529 404 41 100
600 404 51 100
673 404 51 100
15 505 68 100
114 505 40 100
198 505 32 100
278 505 50 100
356 505 49 100
450 505 40 100
523 505 39 100
604 505 45 100
705 505 10 100
