Peter
3
-4
162
37 0 31 100
106 0 43 100
198 0 29 100
274 0 40 100
357 0 47 100
440 0 33 100
529 0 21 100
614 0 30 100
690 0 29 100
23 101 35 100
122 101 40 100
198 101 29 100
271 101 47 100
352 101 36 100
433 101 33 100
521 101 25 100
608 101 34 100
675 101 42 100
26 202 37 100
104 202 54 100
196 202 37 100
277 202 36 100
353 202 40 100
434 202 41 100
522 202 39 100
604 202 39 100
677 202 52 100
27 303 36 100
108 303 44 100
200 303 44 100
276 303 36 100
362 303 34 100
436 303 45 100
520 303 41 100
604 303 40 100
690 303 39 100
38 404 34 100
117 404 46 100
195 404 46 100
274 404 40 100
360 404 44 100
445 404 43 100
528 404 45 100
607 404 43 100
684 404 43 100
26 505 47 100
113 505 48 100
191 505 41 100
270 505 52 100
356 505 50 100
436 505 38 100
519 505 48 100
611 505 33 100
711 505 12 100

36 0 31 101
106 0 42 101
197 0 29 101
273 0 40 101
356 0 47 101
440 0 32 101
529 0 20 101
614 0 30 101
690 0 28 101
26 101 30 101
121 101 37 101
190 101 30 101
270 101 46 101
362 101 31 101
438 101 36 101
530 101 32 101
602 101 35 101
683 101 40 101
13 202 45 101
107 202 52 101
191 202 43 101
273 202 39 101
357 202 38 101
442 202 46 101
530 202 32 101
609 202 28 101
684 202 50 101
28 303 36 101
111 303 50 101
187 303 48 101
272 303 46 101
357 303 39 101
438 303 46 101
526 303 33 101
601 303 46 101
685 303 37 101
31 404 32 101
112 404 37 101
189 404 44 101
278 404 36 101
361 404 43 101
431 404 35 101
519 404 49 101
602 404 41 101
688 404 40 101
19 505 48 101
116 505 33 101
187 505 49 101
280 505 36 101
363 505 44 101
441 505 32 101
524 505 44 101
608 505 36 101
712 505 8 101

29 0 41 100
119 0 33 100
200 0 33 100
282 0 36 100
356 0 43 100
444 0 23 100
526 0 43 100
615 0 32 100
693 0 30 100
38 101 22 100
121 101 41 100
201 101 30 100
272 101 61 100
357 101 41 100
435 101 30 100
522 101 35 100
615 101 26 100
678 101 56 100
25 202 44 100
114 202 43 100
196 202 53 100
274 202 40 100
358 202 36 100
438 202 34 100
533 202 37 100
604 202 42 100
679 202 50 100
18 303 62 100
101 303 67 100
194 303 55 100
277 303 40 100
362 303 38 100
442 303 45 100
508 303 50 100
598 303 53 100
686 303 54 100
24 404 42 100
119 404 39 100
191 404 50 100
276 404 38 100
360 404 37 100
438 404 38 100
527 404 49 100
602 404 55 100
691 404 39 100
22 505 64 100
114 505 46 100
196 505 46 100
271 505 49 100
354 505 51 100
439 505 36 100
515 505 50 100
605 505 39 100
710 505 10 100
