Jerry
8
0
216
38 0 26 100
117 0 23 100
198 0 27 100
283 0 30 100
362 0 34 100
445 0 25 100
534 0 18 100
614 0 19 100
702 0 11 100
32 101 22 100
119 101 23 100
212 101 10 100
276 101 29 100
367 101 19 100
448 101 23 100
527 101 19 100
609 101 31 100
693 101 26 100
34 202 20 100
121 202 20 100
205 202 23 100
283 202 16 100
357 202 29 100
443 202 25 100
529 202 24 100
608 202 28 100
690 202 31 100
29 303 33 100
109 303 38 100
200 303 34 100
277 303 31 100
363 303 28 100
445 303 33 100
521 303 33 100
603 303 40 100
684 303 39 100
31 404 34 100
122 404 30 100
191 404 38 100
274 404 33 100
355 404 38 100
441 404 36 100
516 404 47 100
602 404 32 100
691 404 31 100
28 505 43 100
115 505 34 100
196 505 29 100
273 505 38 100
349 505 46 100
443 505 28 100
520 505 45 100
607 505 23 100
701 505 10 100

38 0 24 100
121 0 22 100
197 0 22 100
284 0 22 100
370 0 27 100
445 0 22 100
527 0 28 100
607 0 17 100
700 0 13 100
28 101 21 100
119 101 22 100
202 101 15 100
282 101 29 100
360 101 20 100
448 101 19 100
527 101 26 100
612 101 28 100
693 101 29 100
37 202 20 100
117 202 29 100
202 202 24 100
289 202 19 100
359 202 33 100
449 202 31 100
530 202 23 100
607 202 33 100
685 202 32 100
36 303 33 100
112 303 36 100
189 303 40 100
283 303 26 100
369 303 30 100
440 303 30 100
526 303 27 100
604 303 44 100
686 303 43 100
32 404 35 100
122 404 36 100
196 404 38 100
276 404 35 100
364 404 33 100
442 404 29 100
520 404 40 100
606 404 42 100
685 404 37 100
25 505 45 100
113 505 40 100
196 505 32 100
272 505 43 100
358 505 37 100
442 505 30 100
520 505 41 100
616 505 22 100
702 505 10 100

31 0 32 100
116 0 29 100
195 0 28 100
281 0 25 100
367 0 16 100
445 0 33 100
527 0 22 100
611 0 26 100
700 0 10 100
33 101 17 100
122 101 25 100
205 101 10 100
274 101 31 100
364 101 19 100
446 101 20 100
528 101 19 100
607 101 24 100
697 101 22 100
37 202 19 100
126 202 21 100
197 202 23 100
286 202 19 100
366 202 29 100
447 202 22 100
530 202 17 100
610 202 31 100
685 202 38 100
30 303 38 100
110 303 30 100
200 303 31 100
274 303 28 100
356 303 29 100
437 303 28 100
521 303 31 100
601 303 37 100
684 303 44 100
35 404 30 100
121 404 31 100
191 404 39 100
277 404 33 100
362 404 30 100
450 404 27 100
530 404 35 100
603 404 49 100
689 404 32 100
29 505 39 100
110 505 39 100
196 505 24 100
272 505 36 100
363 505 34 100
446 505 27 100
520 505 34 100
614 505 27 100
703 505 10 100

41 0 31 100
117 0 26 100
197 0 25 100
278 0 33 100
367 0 27 100
448 0 25 100
526 0 29 100
609 0 24 100
691 0 11 100
39 101 18 100
114 101 29 100
209 101 10 100
283 101 32 100
361 101 25 100
451 101 24 100
522 101 25 100
616 101 26 100
696 101 25 100
39 202 20 100
122 202 20 100
202 202 25 100
273 202 27 100
354 202 32 100
442 202 25 100
531 202 22 100
609 202 31 100
687 202 32 100
28 303 36 100
115 303 36 100
189 303 37 100
280 303 33 100
361 303 28 100
439 303 36 100
526 303 30 100
600 303 41 100
684 303 40 100
33 404 35 100
116 404 32 100
191 404 36 100
268 404 31 100
362 404 32 100
441 404 35 100
518 404 39 100
609 404 36 100
691 404 34 100
23 505 43 100
109 505 41 100
192 505 34 100
273 505 38 100
358 505 37 100
442 505 32 100
524 505 34 100
610 505 32 100
697 505 10 100
