Laura
5
0
162
33 0 31 100
114 0 24 100
197 0 23 100
273 0 27 100
361 0 39 100
452 0 18 100
518 0 25 100
603 0 26 100
691 0 10 100
35 101 15 100
114 101 22 100
202 101 10 100
274 101 34 100
365 101 26 100
443 101 23 100
530 101 22 100
601 101 24 100
696 101 16 100
38 202 17 100
113 202 28 100
202 202 18 100
278 202 20 100
356 202 37 100
449 202 22 100
522 202 26 100
601 202 34 100
684 202 37 100
29 303 28 100
110 303 31 100
196 303 28 100
279 303 27 100
360 303 23 100
436 303 37 100
527 303 26 100
606 303 40 100
686 303 25 100
29 404 24 100
113 404 26 100
194 404 39 100
281 404 31 100
360 404 29 100
440 404 27 100
514 404 48 100
609 404 35 100
691 404 25 100
31 505 36 100
117 505 25 100
193 505 25 100
272 505 40 100
357 505 38 100
437 505 29 100
519 505 34 100
614 505 12 100
702 505 10 100

35 0 34 100
120 0 32 100
202 0 27 100
279 0 33 100
363 0 32 100
429 0 30 100
526 0 21 100
604 0 23 100
695 0 10 100
40 101 10 100
120 101 27 100
202 101 10 100
274 101 36 100
361 101 28 100
440 101 25 100
526 101 22 100
601 101 28 100
687 101 28 100
33 202 25 100
112 202 28 100
198 202 16 100
278 202 30 100
357 202 38 100
438 202 31 100
521 202 30 100
597 202 35 100
686 202 37 100
28 303 27 100
109 303 29 100
188 303 29 100
277 303 22 100
362 303 20 100
436 303 36 100
521 303 33 100
601 303 34 100
674 303 27 100
27 404 32 100
110 404 21 100
191 404 40 100
282 404 29 100
361 404 26 100
449 404 25 100
520 404 42 100
601 404 34 100
685 404 22 100
33 505 29 100
107 505 21 100
189 505 27 100
268 505 41 100
359 505 24 100
436 505 25 100
522 505 37 100
607 505 18 100
697 505 10 100

27 0 44 100
115 0 25 100
195 0 25 100
277 0 26 100
362 0 30 100
440 0 28 100
518 0 27 100
606 0 24 100
695 0 10 100
40 101 10 100
114 101 21 100
207 101 10 100
275 101 37 100
362 101 25 100
442 101 26 100
523 101 24 100
594 101 47 100
683 101 31 100
30 202 21 100
101 202 31 100
196 202 18 100
274 202 24 100
356 202 38 100
443 202 27 100
519 202 24 100
592 202 36 100
680 202 31 100
27 303 27 100
110 303 26 100
201 303 27 100
277 303 27 100
357 303 24 100
441 303 40 100
516 303 29 100
597 303 47 100
676 303 23 100
32 404 31 100
108 404 37 100
191 404 34 100
277 404 29 100
353 404 38 100
451 404 23 100
519 404 37 100
598 404 36 100
683 404 26 100
31 505 31 100
111 505 23 100
198 505 26 100
269 505 32 100
356 505 28 100
437 505 29 100
520 505 45 100
608 505 18 100
698 505 10 100

