Lian
3
2
162
29 0 30 100
124 0 25 100
194 0 28 100
275 0 33 100
365 0 30 100
435 0 36 100
520 0 28 100
611 0 23 100
701 0 11 100
26 101 23 100
120 101 31 100
204 101 10 100
270 101 49 100
357 101 32 100
439 101 40 100
528 101 30 100
597 101 41 100
685 101 36 100
31 202 27 100
109 202 35 100
191 202 33 100
270 202 34 100
349 202 48 100
443 202 27 100
527 202 35 100
595 202 49 100
685 202 42 100
23 303 46 100
104 303 36 100
196 303 35 100
275 303 40 100
366 303 34 100
442 303 44 100
525 303 41 100
608 303 39 100
688 303 39 100
35 404 36 100
111 404 36 100
187 404 45 100
276 404 33 100
353 404 42 100
436 404 39 100
514 404 51 100
608 404 34 100
686 404 36 100
31 505 34 100
113 505 31 100
191 505 39 100
269 505 43 100
353 505 36 100
437 505 40 100
518 505 54 100
609 505 25 100
698 505 10 100

25 0 47 100
119 0 23 100
197 0 29 100
278 0 47 100
360 0 41 100
432 0 42 100
529 0 30 100
614 0 24 100
709 0 10 100
27 101 24 100
119 101 36 100
206 101 15 100
274 101 38 100
362 101 30 100
438 101 33 100
522 101 22 100
602 101 37 100
690 101 27 100
36 202 20 100
115 202 27 100
196 202 36 100
274 202 31 100
354 202 38 100
445 202 27 100
531 202 24 100
600 202 38 100
692 202 33 100
32 303 32 100
107 303 39 100
194 303 31 100
280 303 35 100
371 303 30 100
437 303 43 100
521 303 28 100
604 303 43 100
682 303 47 100
31 404 28 100
123 404 29 100
191 404 40 100
280 404 25 100
366 404 34 100
447 404 31 100
519 404 52 100
609 404 31 100
689 404 34 100
22 505 48 100
113 505 42 100
187 505 33 100
274 505 45 100
361 505 39 100
435 505 36 100
521 505 61 100
601 505 36 100
708 505 10 100

26 0 40 100
112 0 30 100
190 0 35 100
276 0 40 100
369 0 39 100
437 0 45 100
527 0 26 100
617 0 22 100
699 0 11 100
23 101 27 100
115 101 37 100
205 101 10 100
272 101 42 100
358 101 32 100
442 101 37 100
523 101 39 100
602 101 36 100
689 101 26 100
29 202 27 100
118 202 28 100
201 202 32 100
277 202 34 100
352 202 38 100
440 202 30 100
528 202 28 100
603 202 46 100
688 202 40 100
32 303 31 100
108 303 34 100
198 303 32 100
283 303 32 100
369 303 35 100
439 303 38 100
530 303 29 100
595 303 46 100
683 303 41 100
32 404 39 100
117 404 28 100
194 404 38 100
274 404 35 100
354 404 39 100
439 404 31 100
522 404 47 100
607 404 34 100
685 404 37 100
28 505 44 100
113 505 30 100
187 505 39 100
273 505 37 100
360 505 35 100
439 505 39 100
521 505 48 100
606 505 28 100
706 505 11 100
